0.0049505 9.53542 9.517 -0.0512353 2.55054
0.0148515 8.64404 8.61987 -0.0519399 2.54926
0.0247525 7.83046 7.80731 -0.051939 2.54724
0.0346535 7.09345 7.07134 -0.051938 2.5452
0.0445545 6.42582 6.40475 -0.0519368 2.54315
0.0544554 5.82102 5.801 -0.0519355 2.54108
0.0643564 5.27314 5.25416 -0.0519341 2.53901
0.0742574 4.77683 4.75887 -0.0519326 2.53691
0.0841584 4.32723 4.31027 -0.0519309 2.53481
0.0940594 3.91995 3.90396 -0.051929 2.53268
0.10396 3.551 3.53595 -0.051927 2.53054
0.113861 3.21678 3.20263 -0.0519248 2.52837
0.123762 2.91402 2.90073 -0.0519223 2.52618
0.133663 2.63975 2.62729 -0.0519196 2.52397
0.143564 2.3913 2.37962 -0.0519166 2.52173
0.153465 2.16623 2.1553 -0.0519133 2.51947
0.163366 1.96234 1.95213 -0.0519097 2.51717
0.173267 1.77764 1.76811 -0.0519057 2.51484
0.183168 1.61033 1.60144 -0.0519014 2.51247
0.193069 1.45877 1.45048 -0.0518966 2.51006
0.20297 1.32147 1.31375 -0.0518913 2.50761
0.212871 1.19709 1.1899 -0.0518856 2.50512
0.222772 1.08442 1.07774 -0.0518792 2.50258
0.232673 0.982353 0.976142 -0.0518722 2.49998
0.242574 0.889893 0.884124 -0.0518646 2.49732
0.252475 0.806136 0.800781 -0.0518561 2.4946
0.262376 0.730262 0.725295 -0.0518469 2.49182
0.272277 0.66153 0.656924 -0.0518367 2.48896
0.282178 0.599266 0.594998 -0.0518255 2.48602
0.292079 0.542863 0.53891 -0.0518132 2.483
0.30198 0.491769 0.488109 -0.0517997 2.47989
0.311881 0.445483 0.442097 -0.0517848 2.47668
0.321782 0.403554 0.400422 -0.0517685 2.47336
0.331683 0.365571 0.362676 -0.0517506 2.46993
0.341584 0.331164 0.328488 -0.0517309 2.46638
0.351485 0.299994 0.297522 -0.0517092 2.4627
0.361386 0.271759 0.269476 -0.0516854 2.45887
0.371287 0.246181 0.244073 -0.0516592 2.45489
0.381188 0.22301 0.221066 -0.0516305 2.45075
0.391089 0.20202 0.200227 -0.0515989 2.44644
0.40099 0.183006 0.181352 -0.0515641 2.44193
0.410891 0.165781 0.164257 -0.0515259 2.43723
0.420792 0.150178 0.148773 -0.051484 2.43231
0.430693 0.136043 0.134748 -0.0514379 2.42716
0.440594 0.123239 0.122046 -0.0513872 2.42176
0.450495 0.111639 0.110541 -0.0513315 2.4161
0.460396 0.101132 0.100121 -0.0512703 2.41017
0.470297 0.0916133 0.090683 -0.0512031 2.40393
0.480198 0.0829906 0.0821347 -0.0511292 2.39737
0.490099 0.0751795 0.0743921 -0.0510479 2.39047
0.5 0.0681035 0.0673795 -0.0509587 2.38321
0.509901 0.0616936 0.0610279 -0.0508606 2.37557
0.519802 0.0558869 0.055275 -0.0507527 2.36752
0.529703 0.0506268 0.0500644 -0.0506342 2.35904
0.539604 0.0458618 0.045345 -0.050504 2.3501
0.549505 0.0415452 0.0410705 -0.0503609 2.34068
0.559406 0.037635 0.037199 -0.0502036 2.33075
0.569307 0.0340927 0.0336924 -0.0500308 2.32028
0.579208 0.0308839 0.0305163 -0.0498408 2.30924
0.589109 0.027977 0.0276396 -0.0496321 2.29761
0.59901 0.0253438 0.0250342 -0.0494026 2.28535
0.608911 0.0229584 0.0226743 -0.0491505 2.27243
0.618812 0.0207975 0.0205369 -0.0488734 2.25883
0.628713 0.01884 0.0186009 -0.0485689 2.24451
0.638614 0.0170668 0.0168475 -0.0482343 2.22945
0.648515 0.0154604 0.0152593 -0.0478665 2.21362
0.658416 0.0140052 0.0138209 -0.0474623 2.19698
0.668317 0.012687 0.0125181 -0.0470182 2.17952
0.678218 0.0114929 0.011338 -0.04653 2.1612
0.688119 0.0104111 0.0102692 -0.0459936 2.14202
0.69802 0.00943116 0.00930119 -0.0454041 2.12194
0.707921 0.00854345 0.0084244 -0.0447563 2.10097
0.717822 0.00773928 0.00763026 -0.0440443 2.07908
0.727723 0.0070108 0.00691099 -0.0432619 2.05628
0.737624 0.00635088 0.00625952 -0.0424021 2.03258
0.747525 0.00575307 0.00566945 -0.0414573 2.00798
0.757426 0.00521152 0.00513502 -0.0404189 1.98253
0.767327 0.00472093 0.00465096 -0.0392778 1.95625
0.777228 0.00427652 0.00421253 -0.0380238 1.92921
0.787129 0.00387392 0.00381543 -0.0366458 1.90148
0.79703 0.00350921 0.00345576 -0.0351314 1.87318
0.806931 0.00317882 0.00313 -0.0334672 1.84443
0.816832 0.00287952 0.00283495 -0.0316383 1.8154
0.826733 0.00260838 0.00256771 -0.0296285 1.78631
0.836634 0.00236275 0.00232566 -0.0274199 1.75745
0.846535 0.00214023 0.00210643 -0.0249926 1.72915
0.856436 0.00193864 0.00190786 -0.0223252 1.70187
0.866337 0.00175601 0.00172802 -0.0193936 1.67616
0.876238 0.00159055 0.00156512 -0.0161718 1.65274
0.886139 0.00144065 0.00141758 -0.0126308 1.63252
0.89604 0.00130485 0.00128395 -0.0087388 1.6167
0.905941 0.0011818 0.00116292 -0.00446087 1.60682
0.915842 0.00107032 0.0010533 0.000243775 1.60494
0.925743 0.00096933 0.000954006 0.00544139 1.61378
0.935644 0.000877814 0.000864075 0.0112118 1.63701
0.945545 0.000794876 0.000782622 0.0176192 1.67964
0.955446 0.000719707 0.000708847 0.024735 1.74863
0.965347 0.00065157 0.000642027 0.0326395 1.8538
0.975248 0.000589798 0.000581505 0.0414216 2.00922
0.985149 0.000533524 0.000526689 0.0506903 2.23495
