0.0049505 nan 9.517 nan nan
0.0148515 nan 8.61987 nan nan
0.0247525 nan 7.80731 nan nan
0.0346535 nan 7.07134 nan nan
0.0445545 nan 6.40475 nan nan
0.0544554 nan 5.801 nan nan
0.0643564 nan 5.25416 nan nan
0.0742574 nan 4.75887 nan nan
0.0841584 nan 4.31027 nan nan
0.0940594 nan 3.90396 nan nan
0.10396 nan 3.53595 nan nan
0.113861 nan 3.20263 nan nan
0.123762 nan 2.90073 nan nan
0.133663 nan 2.62729 nan nan
0.143564 nan 2.37962 nan nan
0.153465 nan 2.1553 nan nan
0.163366 nan 1.95213 nan nan
0.173267 nan 1.76811 nan nan
0.183168 nan 1.60144 nan nan
0.193069 nan 1.45048 nan nan
0.20297 nan 1.31375 nan nan
0.212871 nan 1.1899 nan nan
0.222772 nan 1.07774 nan nan
0.232673 nan 0.976142 nan nan
0.242574 nan 0.884124 nan nan
0.252475 nan 0.800781 nan nan
0.262376 nan 0.725295 nan nan
0.272277 nan 0.656924 nan nan
0.282178 nan 0.594998 nan nan
0.292079 nan 0.53891 nan nan
0.30198 nan 0.488109 nan nan
0.311881 nan 0.442097 nan nan
0.321782 nan 0.400422 nan nan
0.331683 nan 0.362676 nan nan
0.341584 nan 0.328488 nan nan
0.351485 nan 0.297522 nan nan
0.361386 nan 0.269476 nan nan
0.371287 nan 0.244073 nan nan
0.381188 nan 0.221066 nan nan
0.391089 nan 0.200227 nan nan
0.40099 nan 0.181352 nan nan
0.410891 nan 0.164257 nan nan
0.420792 nan 0.148773 nan nan
0.430693 nan 0.134748 nan nan
0.440594 nan 0.122046 nan nan
0.450495 nan 0.110541 nan nan
0.460396 nan 0.100121 nan nan
0.470297 nan 0.090683 nan nan
0.480198 nan 0.0821347 nan nan
0.490099 nan 0.0743921 nan nan
0.5 nan 0.0673795 nan nan
0.509901 nan 0.0610279 nan nan
0.519802 nan 0.055275 nan nan
0.529703 nan 0.0500644 nan nan
0.539604 nan 0.045345 nan nan
0.549505 nan 0.0410705 nan nan
0.559406 nan 0.037199 nan nan
0.569307 nan 0.0336924 nan nan
0.579208 nan 0.0305163 nan nan
0.589109 nan 0.0276396 nan nan
0.59901 nan 0.0250342 nan nan
0.608911 nan 0.0226743 nan nan
0.618812 nan 0.0205369 nan nan
0.628713 nan 0.0186009 nan nan
0.638614 nan 0.0168475 nan nan
0.648515 nan 0.0152593 nan nan
0.658416 nan 0.0138209 nan nan
0.668317 nan 0.0125181 nan nan
0.678218 nan 0.011338 nan nan
0.688119 nan 0.0102692 nan nan
0.69802 nan 0.00930119 nan nan
0.707921 nan 0.0084244 nan nan
0.717822 nan 0.00763026 nan nan
0.727723 nan 0.00691099 nan nan
0.737624 nan 0.00625952 nan nan
0.747525 nan 0.00566945 nan nan
0.757426 nan 0.00513502 nan nan
0.767327 nan 0.00465096 nan nan
0.777228 nan 0.00421253 nan nan
0.787129 nan 0.00381543 nan nan
0.79703 nan 0.00345576 nan nan
0.806931 nan 0.00313 nan nan
0.816832 nan 0.00283495 nan nan
0.826733 nan 0.00256771 nan nan
0.836634 nan 0.00232566 nan nan
0.846535 nan 0.00210643 nan nan
0.856436 nan 0.00190786 nan nan
0.866337 nan 0.00172802 nan nan
0.876238 nan 0.00156512 nan nan
0.886139 nan 0.00141758 nan nan
0.89604 nan 0.00128395 nan nan
0.905941 nan 0.00116292 nan nan
0.915842 nan 0.0010533 nan nan
0.925743 nan 0.000954006 nan nan
0.935644 nan 0.000864075 nan nan
0.945545 nan 0.000782622 nan nan
0.955446 nan 0.000708847 nan nan
0.965347 nan 0.000642027 nan nan
0.975248 nan 0.000581505 nan nan
0.985149 nan 0.000526689 nan nan
