0 0.962142 -2.04483
0.1 0.933345 -0.0405851
0.2 0.869651 0.219415
0.3 0.689913 0.329536
0.4 0.187028 0.342538
0.5 0.0025966 0.331214
0.6 0.0548666 0.31492
0.7 -0.0643188 0.284213
0.8 -0.304165 0.22855
0.9 -0.54818 0.139284
1 -0.742183 0.0177051
1.1 -0.85959 -0.0246536
1.2 -0.914163 0.00403264
1.3 -0.950175 -0.329859
1.4 -0.987135 -0.477521
1.5 -1.03325 -0.254778
1.6 -1.0809 -0.106375
1.7 -1.12627 -0.0400754
1.8 -1.17214 -0.0296571
1.9 -1.2279 -0.0551894
2 -1.27823 -0.0792616
2.1 -1.29506 -0.107576
2.2 -1.32299 -0.187245
2.3 -1.3426 -0.472986
2.4 -1.33144 -0.73939
2.5 -1.3187 -0.561174
2.6 -1.33178 -0.408249
2.7 -1.37272 -0.354443
2.8 -1.43282 -0.360107
2.9 -1.49959 -0.362172
3 -1.56765 -0.298684
3.1 -1.62534 -0.236699
3.2 -1.62883 -0.356329
3.3 -1.62687 -0.455037
3.4 -1.60666 -0.695703
3.5 -1.56263 -0.845006
3.6 -1.53707 -0.696129
3.7 -1.54704 -0.593881
3.8 -1.5929 -0.575581
3.9 -1.6705 -0.606307
4 -1.76942 -0.622903
4.1 -1.88716 -0.591047
4.2 -2.02597 -0.58687
4.3 -2.03385 -0.702174
4.4 -1.93439 -0.742828
4.5 -1.83317 -0.894077
4.6 -1.74872 -0.950631
4.7 -1.70483 -0.846517
4.8 -1.70537 -0.7807
4.9 -1.74651 -0.782155
5 -1.82498 -0.829233
5.1 -1.93972 -0.885075
5.2 -2.10992 -0.932696
5.3 -2.4354 -1.00884
5.4 -2.61981 -1.08828
5.5 -2.21764 -1.06078
5.6 -2.01242 -1.08479
5.7 -1.89631 -1.07486
5.8 -1.83906 -1.00129
5.9 -1.82996 -0.952314
6 -1.86164 -0.954683
6.1 -1.93035 -1.00269
6.2 -2.03843 -1.08201
6.3 -2.20341 -1.18502
6.4 -2.46973 -1.31838
6.5 -2.59762 -1.40288
6.6 -2.31034 -1.3218
6.7 -2.1202 -1.24951
6.8 -2.00959 -1.19176
6.9 -1.95032 -1.12733
7 -1.93176 -1.08408
7.1 -1.94909 -1.08055
7.2 -1.99847 -1.11824
7.3 -2.0775 -1.1928
7.4 -2.18344 -1.30235
7.5 -2.29602 -1.44032
7.6 -2.33746 -1.52266
7.7 -2.26177 -1.45302
7.8 -2.15677 -1.35545
7.9 -2.07579 -1.27936
8 -2.02622 -1.21857
8.1 -2.00585 -1.18004
8.2 -2.01147 -1.17258
8.3 -2.04035 -1.19764
8.4 -2.08924 -1.25301
8.5 -2.15087 -1.33315
8.6 -2.20809 -1.42179
8.7 -2.23303 -1.47365
8.8 -2.2102 -1.45057
8.9 -2.15928 -1.38857
9 -2.10828 -1.32694
9.1 -2.07141 -1.27757
9.2 -2.05272 -1.24617
9.3 -2.05235 -1.23682
9.4 -2.06841 -1.25059
9.5 -2.09724 -1.28525
9.6 -2.13259 -1.33453
9.7 -2.16441 -1.38536
9.8 -2.18076 -1.41687
9.9 -2.17462 -1.41393
10 -2.15087 -1.38411
10.1 -2.12158 -1.34561
10.2 -2.09692 -1.3111
10.3 -2.08211 -1.2874
10.4 -2.07897 -1.27811
10.5 -2.08685 -1.2842
10.6 -2.10322 -1.30396
10.7 -2.12374 -1.33258
10.8 -2.14243 -1.36183
10.9 -2.15322 -1.38144
11 -2.15252 -1.3842
11.1 -2.14154 -1.37117
11.2 -2.12545 -1.34975
11.3 -2.11011 -1.32792
11.4 -2.09957 -1.31139
11.5 -2.09588 -1.30346
11.6 -2.09919 -1.30526
11.7 -2.10809 -1.3158
11.8 -2.11991 -1.33202
11.9 -2.13111 -1.34905
12 -2.13824 -1.36139
12.1 -2.13922 -1.36509
12.2 -2.13424 -1.35978
12.3 -2.1256 -1.34845
12.4 -2.11646 -1.33544
12.5 -2.10946 -1.32461
12.6 -2.10625 -1.31854
12.7 -2.10729 -1.31834
12.8 -2.11192 -1.32363
12.9 -2.11862 -1.33266
13 -2.12532 -1.34259
13.1 -2.12998 -1.35034
13.2 -2.1313 -1.35357
13.3 -2.12917 -1.35168
13.4 -2.12461 -1.34587
13.5 -2.11929 -1.33838
13.6 -2.11485 -1.33158
13.7 -2.11241 -1.32726
13.8 -2.11246 -1.32637
13.9 -2.11476 -1.32885
14 -2.11849 -1.33377
14.1 -2.12246 -1.33953
14.2 -2.12544 -1.34434
14.3 -2.12662 -1.3468
14.4 -2.12581 -1.34636
14.5 -2.12346 -1.34347
14.6 -2.12043 -1.33926
14.7 -2.11768 -1.33511
14.8 -2.11597 -1.3322
14.9 -2.11567 -1.33122
15 -2.11675 -1.33227
15.1 -2.11878 -1.33489
15.2 -2.1211 -1.3382
15.3 -2.12297 -1.34115
15.4 -2.12389 -1.3429
15.5 -2.12367 -1.34301
15.6 -2.12249 -1.34163
15.7 -2.12079 -1.33931
15.8 -2.11913 -1.33684
15.9 -2.11798 -1.33494
16 -2.11762 -1.33411
16.1 -2.11809 -1.33447
16.2 -2.11917 -1.33583
16.3 -2.1205 -1.33771
16.4 -2.12166 -1.3395
16.5 -2.12232 -1.34068
16.6 -2.12234 -1.34096
16.7 -2.12177 -1.34033
16.8 -2.12083 -1.33908
16.9 -2.11984 -1.33763
17 -2.11909 -1.33643
17.1 -2.11878 -1.3358
17.2 -2.11895 -1.33586
17.3 -2.11952 -1.33655
17.4 -2.12027 -1.33759
17.5 -2.12097 -1.33866
17.6 -2.12143 -1.33944
17.7 -2.12152 -1.33972
17.8 -2.12126 -1.33946
17.9 -2.12075 -1.3388
18 -2.12017 -1.33797
18.1 -2.1197 -1.33722
18.2 -2.11945 -1.33677
18.3 -2.1195 -1.33672
18.4 -2.11978 -1.33705
18.5 -2.1202 -1.33763
18.6 -2.12063 -1.33826
18.7 -2.12093 -1.33875
18.8 -2.12103 -1.33898
18.9 -2.12092 -1.3389
19 -2.12065 -1.33856
19.1 -2.12031 -1.33809
19.2 -2.12002 -1.33763
19.3 -2.11985 -1.33733
19.4 -2.11983 -1.33725
19.5 -2.11997 -1.33739
19.6 -2.12021 -1.3377
19.7 -2.12046 -1.33807
19.8 -2.12065 -1.33838
19.9 -2.12074 -1.33855
20 -2.1207 -1.33854
20.1 -2.12056 -1.33837
20.2 -2.12037 -1.33811
20.3 -2.12019 -1.33784
20.4 -2.12007 -1.33764
20.5 -2.12004 -1.33756
20.6 -2.12011 -1.33762
20.7 -2.12023 -1.33778
20.8 -2.12038 -1.33799
20.9 -2.1205 -1.33819
21 -2.12056 -1.3383
21.1 -2.12056 -1.33832
21.2 -2.12049 -1.33824
21.3 -2.12038 -1.3381
21.4 -2.12027 -1.33794
21.5 -2.1202 -1.33781
21.6 -2.12017 -1.33775
21.7 -2.12019 -1.33777
21.8 -2.12026 -1.33785
21.9 -2.12034 -1.33797
22 -2.12042 -1.33809
22.1 -2.12047 -1.33816
22.2 -2.12047 -1.33819
22.3 -2.12044 -1.33815
22.4 -2.12038 -1.33808
22.5 -2.12031 -1.33798
22.6 -2.12026 -1.3379
22.7 -2.12024 -1.33786
22.8 -2.12025 -1.33786
22.9 -2.12028 -1.3379
23 -2.12033 -1.33797
23.1 -2.12038 -1.33803
23.2 -2.12041 -1.33809
23.3 -2.12042 -1.33811
23.4 -2.1204 -1.33809
23.5 -2.12037 -1.33805
23.6 -2.12033 -1.338
23.7 -2.1203 -1.33795
23.8 -2.12029 -1.33792
23.9 -2.12029 -1.33792
24 -2.1203 -1.33793
24.1 -2.12033 -1.33797
24.2 -2.12036 -1.33801
24.3 -2.12038 -1.33804
24.4 -2.12039 -1.33806
24.5 -2.12038 -1.33806
24.6 -2.12036 -1.33804
24.7 -2.12034 -1.33801
24.8 -2.12032 -1.33798
24.9 -2.12031 -1.33796
25 -2.12031 -1.33795
25.1 -2.12032 -1.33796
25.2 -2.12033 -1.33798
25.3 -2.12035 -1.338
25.4 -2.12036 -1.33802
25.5 -2.12037 -1.33803
25.6 -2.12036 -1.33803
25.7 -2.12036 -1.33802
25.8 -2.12034 -1.33801
25.9 -2.12033 -1.33799
26 -2.12032 -1.33798
26.1 -2.12032 -1.33797
26.2 -2.12033 -1.33797
26.3 -2.12033 -1.33798
26.4 -2.12034 -1.338
26.5 -2.12035 -1.33801
26.6 -2.12036 -1.33802
26.7 -2.12036 -1.33802
26.8 -2.12035 -1.33801
26.9 -2.12034 -1.338
27 -2.12034 -1.33799
27.1 -2.12033 -1.33799
27.2 -2.12033 -1.33798
27.3 -2.12033 -1.33798
27.4 -2.12034 -1.33799
27.5 -2.12034 -1.33799
27.6 -2.12035 -1.338
27.7 -2.12035 -1.33801
27.8 -2.12035 -1.33801
27.9 -2.12035 -1.33801
28 -2.12034 -1.338
28.1 -2.12034 -1.338
28.2 -2.12034 -1.33799
28.3 -2.12033 -1.33799
28.4 -2.12034 -1.33799
28.5 -2.12034 -1.33799
28.6 -2.12034 -1.338
28.7 -2.12034 -1.338
28.8 -2.12035 -1.338
28.9 -2.12035 -1.338
29 -2.12035 -1.338
29.1 -2.12034 -1.338
29.2 -2.12034 -1.338
29.3 -2.12034 -1.33799
29.4 -2.12034 -1.33799
29.5 -2.12034 -1.33799
29.6 -2.12034 -1.33799
29.7 -2.12034 -1.338
29.8 -2.12034 -1.338
29.9 -2.12034 -1.338
30 -2.12034 -1.338
30.1 -2.12034 -1.338
30.2 -2.12034 -1.338
30.3 -2.12034 -1.338
30.4 -2.12034 -1.338
30.5 -2.12034 -1.33799
30.6 -2.12034 -1.33799
30.7 -2.12034 -1.33799
30.8 -2.12034 -1.338
30.9 -2.12034 -1.338
31 -2.12034 -1.338
31.1 -2.12034 -1.338
31.2 -2.12034 -1.338
31.3 -2.12034 -1.338
31.4 -2.12034 -1.338
31.5 -2.12034 -1.338
31.6 -2.12034 -1.338
31.7 -2.12034 -1.338
31.8 -2.12034 -1.338
31.9 -2.12034 -1.338
32 -2.12034 -1.338
32.1 -2.12034 -1.338
32.2 -2.12034 -1.338
32.3 -2.12034 -1.338
32.4 -2.12034 -1.338
32.5 -2.12034 -1.338
32.6 -2.12034 -1.338
32.7 -2.12034 -1.338
32.8 -2.12034 -1.338
32.9 -2.12034 -1.338
33 -2.12034 -1.338
33.1 -2.12034 -1.338
33.2 -2.12034 -1.338
33.3 -2.12034 -1.338
33.4 -2.12034 -1.338
33.5 -2.12034 -1.338
33.6 -2.12034 -1.338
33.7 -2.12034 -1.338
33.8 -2.12034 -1.338
33.9 -2.12034 -1.338
34 -2.12034 -1.338
34.1 -2.12034 -1.338
34.2 -2.12034 -1.338
34.3 -2.12034 -1.338
34.4 -2.12034 -1.338
34.5 -2.12034 -1.338
34.6 -2.12034 -1.338
34.7 -2.12034 -1.338
34.8 -2.12034 -1.338
34.9 -2.12034 -1.338
35 -2.12034 -1.338
35.1 -2.12034 -1.338
35.2 -2.12034 -1.338
35.3 -2.12034 -1.338
35.4 -2.12034 -1.338
35.5 -2.12034 -1.338
35.6 -2.12034 -1.338
35.7 -2.12034 -1.338
35.8 -2.12034 -1.338
35.9 -2.12034 -1.338
36 -2.12034 -1.338
36.1 -2.12034 -1.338
36.2 -2.12034 -1.338
36.3 -2.12034 -1.338
36.4 -2.12034 -1.338
36.5 -2.12034 -1.338
36.6 -2.12034 -1.338
36.7 -2.12034 -1.338
36.8 -2.12034 -1.338
36.9 -2.12034 -1.338
37 -2.12034 -1.338
37.1 -2.12034 -1.338
37.2 -2.12034 -1.338
37.3 -2.12034 -1.338
37.4 -2.12034 -1.338
37.5 -2.12034 -1.338
37.6 -2.12034 -1.338
37.7 -2.12034 -1.338
37.8 -2.12034 -1.338
37.9 -2.12034 -1.338
38 -2.12034 -1.338
38.1 -2.12034 -1.338
38.2 -2.12034 -1.338
38.3 -2.12034 -1.338
38.4 -2.12034 -1.338
38.5 -2.12034 -1.338
38.6 -2.12034 -1.338
38.7 -2.12034 -1.338
38.8 -2.12034 -1.338
38.9 -2.12034 -1.338
39 -2.12034 -1.338
39.1 -2.12034 -1.338
39.2 -2.12034 -1.338
39.3 -2.12034 -1.338
39.4 -2.12034 -1.338
39.5 -2.12034 -1.338
39.6 -2.12034 -1.338
39.7 -2.12034 -1.338
39.8 -2.12034 -1.338
39.9 -2.12034 -1.338
40 -2.12034 -1.338
40.1 -2.12034 -1.338
40.2 -2.12034 -1.338
40.3 -2.12034 -1.338
40.4 -2.12034 -1.338
40.5 -2.12034 -1.338
40.6 -2.12034 -1.338
40.7 -2.12034 -1.338
40.8 -2.12034 -1.338
40.9 -2.12034 -1.338
41 -2.12034 -1.338
41.1 -2.12034 -1.338
41.2 -2.12034 -1.338
41.3 -2.12034 -1.338
41.4 -2.12034 -1.338
41.5 -2.12034 -1.338
41.6 -2.12034 -1.338
41.7 -2.12034 -1.338
41.8 -2.12034 -1.338
41.9 -2.12034 -1.338
42 -2.12034 -1.338
42.1 -2.12034 -1.338
42.2 -2.12034 -1.338
42.3 -2.12034 -1.338
42.4 -2.12034 -1.338
42.5 -2.12034 -1.338
42.6 -2.12034 -1.338
42.7 -2.12034 -1.338
42.8 -2.12034 -1.338
42.9 -2.12034 -1.338
43 -2.12034 -1.338
43.1 -2.12034 -1.338
43.2 -2.12034 -1.338
43.3 -2.12034 -1.338
43.4 -2.12034 -1.338
43.5 -2.12034 -1.338
43.6 -2.12034 -1.338
43.7 -2.12034 -1.338
43.8 -2.12034 -1.338
43.9 -2.12034 -1.338
44 -2.12034 -1.338
44.1 -2.12034 -1.338
44.2 -2.12034 -1.338
44.3 -2.12034 -1.338
44.4 -2.12034 -1.338
44.5 -2.12034 -1.338
44.6 -2.12034 -1.338
44.7 -2.12034 -1.338
44.8 -2.12034 -1.338
44.9 -2.12034 -1.338
45 -2.12034 -1.338
45.1 -2.12034 -1.338
45.2 -2.12034 -1.338
45.3 -2.12034 -1.338
45.4 -2.12034 -1.338
45.5 -2.12034 -1.338
45.6 -2.12034 -1.338
45.7 -2.12034 -1.338
45.8 -2.12034 -1.338
45.9 -2.12034 -1.338
46 -2.12034 -1.338
46.1 -2.12034 -1.338
46.2 -2.12034 -1.338
46.3 -2.12034 -1.338
46.4 -2.12034 -1.338
46.5 -2.12034 -1.338
46.6 -2.12034 -1.338
46.7 -2.12034 -1.338
46.8 -2.12034 -1.338
46.9 -2.12034 -1.338
47 -2.12034 -1.338
47.1 -2.12034 -1.338
47.2 -2.12034 -1.338
47.3 -2.12034 -1.338
47.4 -2.12034 -1.338
47.5 -2.12034 -1.338
47.6 -2.12034 -1.338
47.7 -2.12034 -1.338
47.8 -2.12034 -1.338
47.9 -2.12034 -1.338
48 -2.12034 -1.338
48.1 -2.12034 -1.338
48.2 -2.12034 -1.338
48.3 -2.12034 -1.338
48.4 -2.12034 -1.338
48.5 -2.12034 -1.338
48.6 -2.12034 -1.338
48.7 -2.12034 -1.338
48.8 -2.12034 -1.338
48.9 -2.12034 -1.338
49 -2.12034 -1.338
49.1 -2.12034 -1.338
49.2 -2.12034 -1.338
49.3 -2.12034 -1.338
49.4 -2.12034 -1.338
49.5 -2.12034 -1.338
49.6 -2.12034 -1.338
49.7 -2.12034 -1.338
49.8 -2.12034 -1.338
49.9 -2.12034 -1.338
