0 0.962166 -2.00206
0.01 0.96045 -1.53522
0.02 0.958823 -1.31672
0.03 0.957228 -1.19331
0.04 0.955652 -1.11009
0.05 0.95409 -1.04871
0.06 0.95254 -1.00091
0.07 0.950999 -0.962305
0.08 0.949466 -0.930313
0.09 0.94794 -0.90328
0.1 0.946422 -0.88009
0.11 0.94491 -0.859953
0.12 0.943404 -0.842295
0.13 0.941904 -0.826681
0.14 0.940409 -0.812777
0.15 0.93892 -0.80032
0.16 0.937436 -0.789102
0.17 0.935957 -0.778951
0.18 0.934483 -0.769728
0.19 0.933014 -0.761316
0.2 0.931549 -0.753619
0.21 0.930088 -0.746552
0.22 0.928632 -0.740046
0.23 0.927179 -0.73404
0.24 0.92573 -0.728404
0.25 0.924228 -0.718181
0.26 0.922575 -0.695391
0.27 0.92067 -0.660577
0.28 0.918476 -0.618723
0.29 0.91601 -0.574471
0.3 0.91329 -0.530705
0.31 0.910333 -0.488913
0.32 0.907152 -0.449735
0.33 0.903757 -0.413353
0.34 0.900155 -0.379697
0.35 0.896348 -0.348601
0.36 0.892338 -0.319878
0.37 0.888121 -0.293336
0.38 0.883694 -0.268787
0.39 0.879051 -0.246078
0.4 0.874182 -0.225099
0.41 0.869077 -0.205753
0.42 0.863725 -0.187997
0.43 0.858112 -0.171852
0.44 0.852225 -0.157433
0.45 0.846055 -0.144985
0.46 0.839598 -0.134862
0.47 0.832854 -0.127228
0.48 0.825826 -0.121712
0.49 0.818509 -0.11767
0.5 0.810903 -0.114517
0.51 0.803023 -0.111809
0.52 0.794923 -0.109339
0.53 0.786684 -0.106971
0.54 0.778376 -0.104621
0.55 0.770032 -0.102312
0.56 0.761648 -0.100073
0.57 0.753223 -0.0977942
0.58 0.744761 -0.0954837
0.59 0.736244 -0.0931518
0.6 0.727636 -0.0908642
0.61 0.718902 -0.088608
0.62 0.710008 -0.0863943
0.63 0.700915 -0.0843422
0.64 0.691625 -0.0824155
0.65 0.682176 -0.0805811
0.66 0.672556 -0.0789036
0.67 0.662754 -0.0773696
0.68 0.652728 -0.0759072
0.69 0.64244 -0.0745329
0.7 0.631875 -0.0732994
0.71 0.62102 -0.0723182
0.72 0.609862 -0.0715537
0.73 0.598384 -0.0710606
0.74 0.586561 -0.0708024
0.75 0.574384 -0.0707037
0.76 0.561894 -0.0708448
0.77 0.549148 -0.0711245
0.78 0.536141 -0.0715754
0.79 0.522836 -0.072148
0.8 0.509212 -0.0728166
0.81 0.495358 -0.0736891
0.82 0.481305 -0.0747242
0.83 0.467091 -0.0759533
0.84 0.452718 -0.0772144
0.85 0.438236 -0.0783865
0.86 0.423671 -0.0796466
0.87 0.408945 -0.0811195
0.88 0.393943 -0.0827507
0.89 0.378534 -0.0844514
0.9 0.362724 -0.0862719
0.91 0.346676 -0.0883311
0.92 0.330581 -0.0905885
0.93 0.314577 -0.0927958
0.94 0.298602 -0.095034
0.95 0.282537 -0.0972721
0.96 0.266411 -0.0996233
0.97 0.250273 -0.102008
0.98 0.234126 -0.104477
0.99 0.2179 -0.107071
