0 2.21489 -4.61154
1 -1.72919 0.0396129
2 -2.9678 -0.184524
3 -3.63933 -0.714304
4 -4.11001 -1.47138
5 -4.23064 -1.94599
6 -4.30977 -2.22739
7 -4.46601 -2.5167
8 -4.6745 -2.81729
9 -4.85327 -3.05668
10 -4.94486 -3.17886
11 -4.94955 -3.17855
12 -4.92035 -3.13088
13 -4.89347 -3.09148
14 -4.87903 -3.07276
15 -4.87516 -3.06934
16 -4.87674 -3.07289
17 -4.87964 -3.07754
18 -4.88182 -3.08066
19 -4.88281 -3.0819
20 -4.88295 -3.08191
21 -4.88271 -3.08147
22 -4.88243 -3.08104
23 -4.88226 -3.08081
24 -4.8822 -3.08074
25 -4.8822 -3.08076
26 -4.88223 -3.08081
27 -4.88226 -3.08085
28 -4.88227 -3.08086
29 -4.88227 -3.08086
30 -4.88227 -3.08086
31 -4.88227 -3.08086
32 -4.88227 -3.08085
33 -4.88227 -3.08085
34 -4.88227 -3.08085
35 -4.88227 -3.08085
36 -4.88227 -3.08085
37 -4.88227 -3.08085
38 -4.88227 -3.08085
39 -4.88227 -3.08085
40 -4.88227 -3.08085
41 -4.88227 -3.08085
42 -4.88227 -3.08085
43 -4.88227 -3.08085
44 -4.88227 -3.08085
45 -4.88227 -3.08085
46 -4.88227 -3.08085
47 -4.88227 -3.08085
48 -4.88227 -3.08085
49 -4.88227 -3.08085
