0.0049505 9.53542 9.517 -0.0512353 2.87058
0.0148515 8.64404 8.61987 -0.0519399 2.85217
0.0247525 7.83046 7.80731 -0.051939 2.83301
0.0346535 7.09345 7.07134 -0.051938 2.81385
0.0445545 6.42582 6.40475 -0.0519368 2.79467
0.0544554 5.82102 5.801 -0.0519355 2.77548
0.0643564 5.27314 5.25416 -0.0519341 2.75629
0.0742574 4.77683 4.75887 -0.0519326 2.73708
0.0841584 4.32723 4.31027 -0.0519309 2.71785
0.0940594 3.91995 3.90396 -0.051929 2.69861
0.10396 3.551 3.53595 -0.051927 2.67936
0.113861 3.21678 3.20263 -0.0519248 2.66009
0.123762 2.91402 2.90073 -0.0519223 2.6408
0.133663 2.63975 2.62729 -0.0519196 2.62148
0.143564 2.3913 2.37962 -0.0519166 2.60215
0.153465 2.16623 2.1553 -0.0519133 2.58279
0.163366 1.96234 1.95213 -0.0519097 2.5634
0.173267 1.77764 1.76811 -0.0519057 2.54399
0.183168 1.61033 1.60144 -0.0519014 2.52455
0.193069 1.45877 1.45048 -0.0518966 2.50507
0.20297 1.32147 1.31375 -0.0518913 2.48555
0.212871 1.19709 1.1899 -0.0518856 2.46599
0.222772 1.08442 1.07774 -0.0518792 2.4464
0.232673 0.982353 0.976142 -0.0518722 2.42675
0.242574 0.889893 0.884124 -0.0518646 2.40705
0.252475 0.806136 0.800781 -0.0518561 2.3873
0.262376 0.730262 0.725295 -0.0518469 2.36749
0.272277 0.66153 0.656924 -0.0518367 2.34762
0.282178 0.599266 0.594998 -0.0518255 2.32767
0.292079 0.542863 0.53891 -0.0518132 2.30765
0.30198 0.491769 0.488109 -0.0517997 2.28755
0.311881 0.445483 0.442097 -0.0517848 2.26737
0.321782 0.403554 0.400422 -0.0517685 2.24708
0.331683 0.365571 0.362676 -0.0517506 2.2267
0.341584 0.331164 0.328488 -0.0517309 2.2062
0.351485 0.299994 0.297522 -0.0517092 2.18559
0.361386 0.271759 0.269476 -0.0516854 2.16485
0.371287 0.246181 0.244073 -0.0516592 2.14397
0.381188 0.22301 0.221066 -0.0516305 2.12294
0.391089 0.20202 0.200227 -0.0515989 2.10175
0.40099 0.183006 0.181352 -0.0515641 2.08038
0.410891 0.165781 0.164257 -0.0515259 2.05884
0.420792 0.150178 0.148773 -0.051484 2.03709
0.430693 0.136043 0.134748 -0.0514379 2.01513
0.440594 0.123239 0.122046 -0.0513872 1.99294
0.450495 0.111639 0.110541 -0.0513315 1.9705
0.460396 0.101132 0.100121 -0.0512703 1.94779
0.470297 0.0916133 0.090683 -0.0512031 1.92481
0.480198 0.0829906 0.0821347 -0.0511292 1.90152
0.490099 0.0751795 0.0743921 -0.0510479 1.8779
0.5 0.0681035 0.0673795 -0.0509587 1.85393
0.509901 0.0616936 0.0610279 -0.0508606 1.82959
0.519802 0.0558869 0.055275 -0.0507527 1.80486
0.529703 0.0506268 0.0500644 -0.0506342 1.7797
0.539604 0.0458618 0.045345 -0.050504 1.75408
0.549505 0.0415452 0.0410705 -0.0503609 1.72798
0.559406 0.037635 0.037199 -0.0502036 1.70137
0.569307 0.0340927 0.0336924 -0.0500308 1.6742
0.579208 0.0308839 0.0305163 -0.0498408 1.64645
0.589109 0.027977 0.0276396 -0.0496321 1.61808
0.59901 0.0253438 0.0250342 -0.0494026 1.58905
0.608911 0.0229584 0.0226743 -0.0491505 1.55931
0.618812 0.0207975 0.0205369 -0.0488734 1.52883
0.628713 0.01884 0.0186009 -0.0485689 1.49756
0.638614 0.0170668 0.0168475 -0.0482343 1.46545
0.648515 0.0154604 0.0152593 -0.0478665 1.43246
0.658416 0.0140052 0.0138209 -0.0474623 1.39852
0.668317 0.012687 0.0125181 -0.0470182 1.3636
0.678218 0.0114929 0.011338 -0.04653 1.32761
0.688119 0.0104111 0.0102692 -0.0459936 1.29052
0.69802 0.00943116 0.00930119 -0.0454041 1.25225
0.707921 0.00854345 0.0084244 -0.0447563 1.21274
0.717822 0.00773928 0.00763026 -0.0440443 1.17192
0.727723 0.0070108 0.00691099 -0.0432619 1.1297
0.737624 0.00635088 0.00625952 -0.0424021 1.08602
0.747525 0.00575307 0.00566945 -0.0414573 1.04078
0.757426 0.00521152 0.00513502 -0.0404189 0.993899
0.767327 0.00472093 0.00465096 -0.0392778 0.945265
0.777228 0.00427652 0.00421253 -0.0380238 0.894772
0.787129 0.00387392 0.00381543 -0.0366458 0.842298
0.79703 0.00350921 0.00345576 -0.0351314 0.787705
0.806931 0.00317882 0.00313 -0.0334672 0.730839
0.816832 0.00287952 0.00283495 -0.0316383 0.671523
0.826733 0.00260838 0.00256771 -0.0296285 0.60955
0.836634 0.00236275 0.00232566 -0.0274199 0.544679
0.846535 0.00214023 0.00210643 -0.0249926 0.476621
0.856436 0.00193864 0.00190786 -0.0223252 0.405028
0.866337 0.00175601 0.00172802 -0.0193936 0.329472
0.876238 0.00159055 0.00156512 -0.0161718 0.249422
0.886139 0.00144065 0.00141758 -0.0126308 0.164212
0.89604 0.00130485 0.00128395 -0.0087388 0.072988
0.905941 0.0011818 0.00116292 -0.00446087 -0.0253513
0.915842 0.00107032 0.0010533 0.000243775 -0.132251
0.925743 0.00096933 0.000954006 0.00544139 -0.249619
0.935644 0.000877814 0.000864075 0.0112118 -0.380107
0.945545 0.000794876 0.000782622 0.0176192 -0.527314
0.955446 0.000719707 0.000708847 0.024735 -0.696247
0.965347 0.00065157 0.000642027 0.0326395 -0.893986
0.975248 0.000589798 0.000581505 0.0414216 -1.13072
0.985149 0.000533524 0.000526689 0.0506903 -1.42187
